1	819596	819761	segment8	0
1	819761	819856	segment8	1
1	819856	819892	segment8	2
1	819892	819935	segment8	3
1	819935	820003	segment8	4
1	820003	820049	segment8	5
1	820049	820062	segment8	4
1	820062	820142	segment8	3
1	820142	820169	segment8	4
1	820169	820234	segment8	3
1	820234	820247	segment8	2
1	820247	820248	segment8	1
1	820248	820283	segment8	2
1	820283	820362	segment8	3
1	820362	820431	segment8	2
1	820431	820456	segment8	1
1	820456	820596	segment8	0
1	827092	827101	segment9	1
1	827101	827256	segment9	2
1	827256	827261	segment9	4
1	827261	827262	segment9	9
1	827262	827266	segment9	10
1	827266	827272	segment9	11
1	827272	827273	segment9	12
1	827273	827274	segment9	13
1	827274	827280	segment9	14
1	827280	827289	segment9	15
1	827289	827292	segment9	17
1	827292	827296	segment9	19
1	827296	827297	segment9	20
1	827297	827302	segment9	21
1	827302	827322	segment9	23
1	827322	827324	segment9	24
1	827324	827344	segment9	26
1	827344	827349	segment9	28
1	827349	827360	segment9	29
1	827360	827381	segment9	30
1	827381	827384	segment9	31
1	827384	827399	segment9	32
1	827399	827403	segment9	33
1	827403	827407	segment9	34
1	827407	827409	segment9	35
1	827409	827414	segment9	36
1	827414	827426	segment9	39
1	827426	827429	segment9	40
1	827429	827432	segment9	41
1	827432	827452	segment9	42
1	827452	827457	segment9	41
1	827457	827461	segment9	40
1	827461	827473	segment9	39
1	827473	827475	segment9	40
1	827475	827481	segment9	41
1	827481	827484	segment9	42
1	827484	827485	segment9	40
1	827485	827490	segment9	41
1	827490	827497	segment9	47
1	827497	827499	segment9	49
1	827499	827501	segment9	45
1	827501	827502	segment9	44
1	827502	827506	segment9	45
1	827506	827507	segment9	44
1	827507	827512	segment9	45
1	827512	827514	segment9	44
1	827514	827520	segment9	43
1	827520	827530	segment9	42
1	827530	827532	segment9	41
1	827532	827534	segment9	40
1	827534	827542	segment9	39
1	827542	827547	segment9	41
1	827547	827552	segment9	43
1	827552	827556	segment9	44
1	827556	827557	segment9	45
1	827557	827558	segment9	46
1	827558	827560	segment9	47
1	827560	827562	segment9	48
1	827562	827563	segment9	50
1	827563	827569	segment9	49
1	827569	827571	segment9	48
1	827571	827597	segment9	46
1	827597	827602	segment9	45
1	827602	827607	segment9	42
1	827607	827611	segment9	41
1	827611	827612	segment9	40
1	827612	827613	segment9	39
1	827613	827619	segment9	38
1	827619	827629	segment9	37
1	827629	827670	segment9	36
1	827670	827677	segment9	35
1	827677	827681	segment9	34
1	827681	827687	segment9	33
1	827687	827698	segment9	32
1	827698	827702	segment9	31
1	827702	827724	segment9	30
1	827724	827742	segment9	29
1	827742	827749	segment9	28
1	827749	827751	segment9	27
1	827751	827756	segment9	25
1	827756	827757	segment9	24
1	827757	827761	segment9	23
1	827761	827767	segment9	22
1	827767	827794	segment9	21
1	827794	827796	segment9	20
1	827796	827798	segment9	19
1	827798	827801	segment9	18
1	827801	827813	segment9	17
1	827813	827815	segment9	15
1	827815	827817	segment9	14
1	827817	827838	segment9	13
1	827838	827856	segment9	12
1	827856	827862	segment9	11
1	827862	827884	segment9	9
1	827884	827885	segment9	8
1	827885	827895	segment9	7
1	827895	827915	segment9	6
1	827915	827925	segment9	5
1	827925	827945	segment9	4
1	827945	827977	segment9	3
1	827977	827987	segment9	2
1	827987	828092	segment9	0
1	845366	845384	segment10	1
1	845384	845447	segment10	0
1	845447	845455	segment10	1
1	845455	845501	segment10	3
1	845501	845502	segment10	4
1	845502	845566	segment10	5
1	845566	845568	segment10	6
1	845568	845605	segment10	7
1	845605	845670	segment10	8
1	845670	845674	segment10	9
1	845674	845681	segment10	10
1	845681	845686	segment10	11
1	845686	845695	segment10	13
1	845695	845699	segment10	14
1	845699	845706	segment10	15
1	845706	845714	segment10	14
1	845714	845722	segment10	15
1	845722	845725	segment10	16
1	845725	845735	segment10	17
1	845735	845745	segment10	18
1	845745	845762	segment10	19
1	845762	845763	segment10	21
1	845763	845794	segment10	20
1	845794	845800	segment10	25
1	845800	845803	segment10	26
1	845803	845809	segment10	25
1	845809	845814	segment10	22
1	845814	845817	segment10	21
1	845817	845820	segment10	24
1	845820	845831	segment10	23
1	845831	845833	segment10	25
1	845833	845838	segment10	27
1	845838	845839	segment10	28
1	845839	845840	segment10	29
1	845840	845842	segment10	27
1	845842	845856	segment10	26
1	845856	845870	segment10	27
1	845870	845875	segment10	26
1	845875	845886	segment10	25
1	845886	845888	segment10	24
1	845888	845892	segment10	25
1	845892	845897	segment10	24
1	845897	845899	segment10	23
1	845899	845902	segment10	24
1	845902	845903	segment10	23
1	845903	845919	segment10	21
1	845919	845922	segment10	20
1	845922	845925	segment10	19
1	845925	845950	segment10	18
1	845950	845990	segment10	17
1	845990	846013	segment10	16
1	846013	846058	segment10	15
1	846058	846067	segment10	14
1	846067	846073	segment10	13
1	846073	846094	segment10	12
1	846094	846112	segment10	11
1	846112	846120	segment10	10
1	846120	846216	segment10	9
1	846216	846217	segment10	8
1	846217	846224	segment10	7
1	846224	846232	segment10	6
1	846232	846239	segment10	4
1	846239	846256	segment10	3
1	846256	846265	segment10	4
1	846265	846277	segment10	3
1	846277	846289	segment10	2
1	846289	846366	segment10	1
1	850114	850122	segment11	1
1	850122	850430	segment11	2
1	850430	850488	segment11	3
1	850488	850514	segment11	4
1	850514	850545	segment11	3
1	850545	850550	segment11	4
1	850550	850554	segment11	5
1	850554	850574	segment11	4
1	850574	850586	segment11	3
1	850586	850788	segment11	4
1	850788	850813	segment11	3
1	850813	850841	segment11	2
1	850841	850853	segment11	1
1	850853	851114	segment11	0
1	869454	869615	segment12	1
1	869615	869631	segment12	2
1	869631	869632	segment12	4
1	869632	869633	segment12	5
1	869633	869639	segment12	6
1	869639	869647	segment12	7
1	869647	869651	segment12	8
1	869651	869659	segment12	10
1	869659	869669	segment12	13
1	869669	869670	segment12	16
1	869670	869673	segment12	17
1	869673	869680	segment12	19
1	869680	869683	segment12	20
1	869683	869685	segment12	21
1	869685	869688	segment12	23
1	869688	869691	segment12	24
1	869691	869693	segment12	27
1	869693	869698	segment12	29
1	869698	869717	segment12	30
1	869717	869718	segment12	31
1	869718	869735	segment12	32
1	869735	869740	segment12	33
1	869740	869746	segment12	34
1	869746	869752	segment12	35
1	869752	869769	segment12	36
1	869769	869775	segment12	37
1	869775	869779	segment12	38
1	869779	869784	segment12	40
1	869784	869785	segment12	41
1	869785	869789	segment12	42
1	869789	869791	segment12	41
1	869791	869805	segment12	42
1	869805	869808	segment12	45
1	869808	869817	segment12	46
1	869817	869819	segment12	45
1	869819	869822	segment12	46
1	869822	869828	segment12	47
1	869828	869831	segment12	48
1	869831	869837	segment12	47
1	869837	869839	segment12	48
1	869839	869841	segment12	51
1	869841	869847	segment12	52
1	869847	869851	segment12	53
1	869851	869852	segment12	55
1	869852	869860	segment12	56
1	869860	869861	segment12	55
1	869861	869862	segment12	54
1	869862	869869	segment12	56
1	869869	869870	segment12	57
1	869870	869876	segment12	58
1	869876	869877	segment12	59
1	869877	869882	segment12	65
1	869882	869884	segment12	69
1	869884	869886	segment12	68
1	869886	869887	segment12	60
1	869887	869891	segment12	62
1	869891	869895	segment12	58
1	869895	869896	segment12	57
1	869896	869897	segment12	55
1	869897	869898	segment12	53
1	869898	869902	segment12	56
1	869902	869905	segment12	55
1	869905	869908	segment12	53
1	869908	869921	segment12	52
1	869921	869935	segment12	51
1	869935	869943	segment12	50
1	869943	869951	segment12	52
1	869951	869955	segment12	54
1	869955	869963	segment12	55
1	869963	869964	segment12	54
1	869964	869967	segment12	51
1	869967	869969	segment12	52
1	869969	869971	segment12	46
1	869971	869972	segment12	43
1	869972	869974	segment12	44
1	869974	869978	segment12	41
1	869978	869979	segment12	40
1	869979	869980	segment12	39
1	869980	869983	segment12	40
1	869983	869984	segment12	41
1	869984	869986	segment12	40
1	869986	869989	segment12	39
1	869989	869990	segment12	35
1	869990	869991	segment12	33
1	869991	869997	segment12	35
1	869997	869998	segment12	36
1	869998	870000	segment12	37
1	870000	870005	segment12	36
1	870005	870011	segment12	35
1	870011	870017	segment12	34
1	870017	870040	segment12	33
1	870040	870041	segment12	32
1	870041	870070	segment12	33
1	870070	870111	segment12	34
1	870111	870132	segment12	33
1	870132	870141	segment12	32
1	870141	870154	segment12	30
1	870154	870155	segment12	29
1	870155	870160	segment12	28
1	870160	870171	segment12	26
1	870171	870173	segment12	25
1	870173	870176	segment12	24
1	870176	870177	segment12	25
1	870177	870181	segment12	23
1	870181	870184	segment12	22
1	870184	870185	segment12	20
1	870185	870190	segment12	16
1	870190	870192	segment12	14
1	870192	870196	segment12	13
1	870196	870200	segment12	12
1	870200	870204	segment12	11
1	870204	870205	segment12	10
1	870205	870221	segment12	7
1	870221	870236	segment12	5
1	870236	870324	segment12	4
1	870324	870355	segment12	3
1	870355	870418	segment12	2
1	870418	870454	segment12	1
1	876596	876617	segment13	6
1	876617	876632	segment13	7
1	876632	876640	segment13	6
1	876640	876658	segment13	7
1	876658	876659	segment13	8
1	876659	876669	segment13	7
1	876669	876699	segment13	6
1	876699	876710	segment13	7
1	876710	876759	segment13	8
1	876759	876804	segment13	7
1	876804	876865	segment13	6
1	876865	876891	segment13	7
1	876891	876909	segment13	8
1	876909	876965	segment13	7
1	876965	876998	segment13	8
1	876998	877007	segment13	9
1	877007	877022	segment13	8
1	877022	877029	segment13	9
1	877029	877034	segment13	8
1	877034	877054	segment13	7
1	877054	877068	segment13	8
1	877068	877071	segment13	6
1	877071	877124	segment13	7
1	877124	877159	segment13	6
1	877159	877186	segment13	5
1	877186	877204	segment13	6
1	877204	877278	segment13	5
1	877278	877285	segment13	4
1	877285	877362	segment13	3
1	877362	877380	segment13	4
1	877380	877392	segment13	3
1	877392	877410	segment13	4
1	877410	877435	segment13	5
1	877435	877500	segment13	6
1	877500	877535	segment13	5
1	877535	877549	segment13	6
1	877549	877596	segment13	5
1	898092	898094	segment14	2
1	898094	898363	segment14	1
1	898363	898400	segment14	2
1	898400	898481	segment14	3
1	898481	898527	segment14	2
1	898527	898584	segment14	3
1	898584	898589	segment14	2
1	898589	898616	segment14	3
1	898616	898624	segment14	4
1	898624	898626	segment14	5
1	898626	898628	segment14	4
1	898628	898707	segment14	3
1	898707	898795	segment14	4
1	898795	898913	segment14	3
1	898913	898955	segment14	2
1	898955	898967	segment14	1
1	898967	898976	segment14	2
1	898976	899092	segment14	1
1	902036	902090	segment15	1
1	902090	902265	segment15	0
1	902265	902294	segment15	1
1	902294	902355	segment15	2
1	902355	902371	segment15	3
1	902371	902386	segment15	2
1	902386	902403	segment15	3
1	902403	902566	segment15	4
1	902566	902611	segment15	3
1	902611	902648	segment15	2
1	902648	902883	segment15	1
1	902883	903036	segment15	0
1	904228	904230	segment16.1	22
1	904230	904234	segment16.1	23
1	904234	904255	segment16.1	22
1	904255	904258	segment16.1	23
1	904258	904267	segment16.1	24
1	904267	904269	segment16.1	26
1	904269	904272	segment16.1	25
1	904272	904279	segment16.1	26
1	904279	904281	segment16.1	28
1	904281	904289	segment16.1	27
1	904289	904317	segment16.1	28
1	904317	904343	segment16.1	29
1	904343	904352	segment16.1	30
1	904352	904356	segment16.1	31
1	904356	904362	segment16.1	32
1	904362	904388	segment16.1	34
1	904388	904403	segment16.1	35
1	904403	904416	segment16.1	37
1	904416	904421	segment16.1	36
1	904421	904426	segment16.1	37
1	904426	904431	segment16.1	39
1	904431	904433	segment16.1	40
1	904433	904434	segment16.1	41
1	904434	904435	segment16.1	42
1	904435	904436	segment16.1	41
1	904436	904440	segment16.1	43
1	904440	904443	segment16.1	42
1	904443	904445	segment16.1	43
1	904445	904446	segment16.1	42
1	904446	904448	segment16.1	43
1	904448	904451	segment16.1	44
1	904451	904456	segment16.1	46
1	904456	904462	segment16.1	47
1	904462	904463	segment16.1	50
1	904463	904466	segment16.1	51
1	904466	904471	segment16.1	49
1	904471	904472	segment16.1	48
1	904472	904482	segment16.1	46
1	904482	904504	segment16.1	48
1	904504	904507	segment16.1	49
1	904507	904508	segment16.1	50
1	904508	904513	segment16.1	47
1	904513	904514	segment16.1	44
1	904514	904515	segment16.1	43
1	904515	904524	segment16.1	44
1	904524	904528	segment16.1	43
1	904528	904535	segment16.1	42
1	904535	904541	segment16.1	43
1	904541	904546	segment16.1	42
1	904546	904552	segment16.1	41
1	904552	904557	segment16.1	40
1	904557	904559	segment16.1	41
1	904559	904561	segment16.1	40
1	904561	904563	segment16.1	41
1	904563	904566	segment16.1	39
1	904566	904568	segment16.1	41
1	904568	904570	segment16.1	40
1	904570	904575	segment16.1	42
1	904575	904578	segment16.1	41
1	904578	904580	segment16.1	40
1	904580	904581	segment16.1	41
1	904581	904594	segment16.1	42
1	904594	904600	segment16.1	41
1	904600	904602	segment16.1	42
1	904602	904603	segment16.1	43
1	904603	904613	segment16.1	42
1	904613	904620	segment16.1	45
1	904620	904624	segment16.1	46
1	904624	904627	segment16.1	45
1	904627	904633	segment16.1	43
1	904633	904637	segment16.1	44
1	904637	904641	segment16.1	45
1	904641	904642	segment16.1	47
1	904642	904654	segment16.1	46
1	904654	904655	segment16.1	47
1	904655	904657	segment16.1	48
1	904657	904666	segment16.1	51
1	904666	904671	segment16.1	48
1	904671	904672	segment16.1	47
1	904672	904677	segment16.1	46
1	904677	904679	segment16.1	48
1	904679	904684	segment16.1	49
1	904684	904686	segment16.1	50
1	904686	904689	segment16.1	49
1	904689	904694	segment16.1	50
1	904694	904700	segment16.1	51
1	904700	904702	segment16.1	55
1	904702	904708	segment16.1	54
1	904708	904709	segment16.1	55
1	904709	904714	segment16.1	52
1	904714	904718	segment16.1	51
1	904718	904722	segment16.1	52
1	904722	904726	segment16.1	54
1	904726	904727	segment16.1	53
1	904727	904731	segment16.1	54
1	904731	904732	segment16.1	52
1	904732	904735	segment16.1	51
1	904735	904738	segment16.1	52
1	904738	904745	segment16.1	57
1	904745	904746	segment16.1	52
1	904746	904747	segment16.1	53
1	904747	904748	segment16.1	45
1	904748	904752	segment16.1	48
1	904752	904755	segment16.1	49
1	904755	904757	segment16.1	48
1	904757	904761	segment16.1	42
1	904761	904818	segment16.1	41
1	904818	904822	segment16.1	40
1	904822	904825	segment16.1	39
1	904825	904832	segment16.1	38
1	904832	904839	segment16.1	37
1	904839	904840	segment16.1	36
1	904840	904846	segment16.1	30
1	904846	904849	segment16.1	29
1	904849	904850	segment16.1	30
1	904850	904851	segment16.1	29
1	904851	904853	segment16.1	28
1	904853	904870	segment16.1	27
1	904870	904872	segment16.1	23
1	904872	904875	segment16.1	22
1	904875	904885	segment16.1	21
1	904885	904890	segment16.1	20
1	904890	904910	segment16.1	19
1	904910	904943	segment16.1	18
1	904943	904958	segment16.1	17
1	904958	904977	segment16.1	16
1	904977	904981	segment16.1	15
1	904981	905008	segment16.1	14
1	905008	905011	segment16.1	12
1	905011	905021	segment16.1	11
1	905021	905033	segment16.1	10
1	905033	905084	segment16.1	9
1	905084	905128	segment16.1	8
1	905128	905131	segment16.1	7
1	905131	905146	segment16.1	6
1	905146	905159	segment16.1	5
1	905159	905160	segment16.1	6
1	905160	905169	segment16.1	7
1	905169	905170	segment16.1	6
1	905170	905174	segment16.1	4
1	905174	905180	segment16.1	3
1	905180	905228	segment16.1	2
1	906538	906659	segment17	3
1	906659	906678	segment17	5
1	906678	906680	segment17	6
1	906680	906838	segment17	5
1	906838	906862	segment17	6
1	906862	906873	segment17	7
1	906873	906879	segment17	6
1	906879	906886	segment17	5
1	906886	906898	segment17	6
1	906898	906907	segment17	7
1	906907	906909	segment17	6
1	906909	906924	segment17	5
1	906924	906926	segment17	6
1	906926	906934	segment17	7
1	906934	906968	segment17	8
1	906968	906972	segment17	9
1	906972	906977	segment17	10
1	906977	906991	segment17	9
1	906991	906996	segment17	8
1	906996	907061	segment17	6
1	907061	907092	segment17	5
1	907092	907094	segment17	4
1	907094	907118	segment17	5
1	907118	907152	segment17	4
1	907152	907164	segment17	5
1	907164	907195	segment17	4
1	907195	907213	segment17	3
1	907213	907228	segment17	4
1	907228	907319	segment17	3
1	907319	907404	segment17	2
1	907404	907503	segment17	1
1	907503	907538	segment17	0
1	907573	907816	segment18	0
1	907816	907938	segment18	1
1	907938	907939	segment18	2
1	907939	907972	segment18	3
1	907972	908005	segment18	4
1	908005	908207	segment18	3
1	908207	908212	segment18	2
1	908212	908235	segment18	1
1	908235	908287	segment18	2
1	908287	908440	segment18	1
1	908440	908573	segment18	0
1	910378	910400	segment19	1
1	910400	910559	segment19	2
1	910559	910590	segment19	3
1	910590	910625	segment19	2
1	910625	910640	segment19	3
1	910640	910643	segment19	4
1	910643	910662	segment19	3
1	910662	910704	segment19	4
1	910704	910706	segment19	5
1	910706	910739	segment19	6
1	910739	910781	segment19	5
1	910781	910799	segment19	4
1	910799	910831	segment19	5
1	910831	910855	segment19	4
1	910855	910868	segment19	5
1	910868	910906	segment19	6
1	910906	910963	segment19	5
1	910963	910997	segment19	6
1	910997	911002	segment19	7
1	911002	911031	segment19	6
1	911031	911076	segment19	5
1	911076	911109	segment19	6
1	911109	911114	segment19	5
1	911114	911121	segment19	4
1	911121	911202	segment19	3
1	911202	911230	segment19	2
1	911230	911284	segment19	3
1	911284	911289	segment19	4
1	911289	911378	segment19	5
1	910861	910868	segment20	5
1	910868	910906	segment20	6
1	910906	910963	segment20	5
1	910963	910997	segment20	6
1	910997	911002	segment20	7
1	911002	911031	segment20	6
1	911031	911076	segment20	5
1	911076	911109	segment20	6
1	911109	911114	segment20	5
1	911114	911121	segment20	4
1	911121	911202	segment20	3
1	911202	911230	segment20	2
1	911230	911284	segment20	3
1	911284	911289	segment20	4
1	911289	911400	segment20	5
1	911400	911407	segment20	4
1	911407	911489	segment20	3
1	911489	911493	segment20	2
1	911493	911586	segment20	1
1	911586	911735	segment20	0
1	911735	911750	segment20	1
1	911750	911861	segment20	2
1	913456	913462	segment21.1	8
1	913462	913535	segment21.1	9
1	913535	913546	segment21.1	8
1	913546	913550	segment21.1	9
1	913550	913556	segment21.1	8
1	913556	913560	segment21.1	9
1	913560	913565	segment21.1	8
1	913565	913569	segment21.1	7
1	913569	913605	segment21.1	6
1	913605	913630	segment21.1	7
1	913630	913647	segment21.1	6
1	913647	913674	segment21.1	7
1	913674	913703	segment21.1	8
1	913703	913707	segment21.1	7
1	913707	913716	segment21.1	8
1	913716	913723	segment21.1	7
1	913723	913727	segment21.1	8
1	913727	913730	segment21.1	7
1	913730	913742	segment21.1	9
1	913742	913757	segment21.1	10
1	913757	913767	segment21.1	11
1	913767	913772	segment21.1	12
1	913772	913783	segment21.1	11
1	913783	913788	segment21.1	12
1	913788	913795	segment21.1	13
1	913795	913797	segment21.1	14
1	913797	913812	segment21.1	13
1	913812	913826	segment21.1	12
1	913826	913834	segment21.1	13
1	913834	913857	segment21.1	14
1	913857	913861	segment21.1	15
1	913861	913887	segment21.1	16
1	913887	913889	segment21.1	17
1	913889	913891	segment21.1	16
1	913891	913896	segment21.1	15
1	913896	913903	segment21.1	14
1	913903	913909	segment21.1	13
1	913909	913917	segment21.1	14
1	913917	913918	segment21.1	16
1	913918	913930	segment21.1	15
1	913930	913978	segment21.1	16
1	913978	913987	segment21.1	15
1	913987	913988	segment21.1	16
1	913988	913997	segment21.1	15
1	913997	914027	segment21.1	14
1	914027	914028	segment21.1	12
1	914028	914032	segment21.1	11
1	914032	914046	segment21.1	10
1	914046	914056	segment21.1	9
1	914056	914077	segment21.1	8
1	914077	914080	segment21.1	7
1	914080	914081	segment21.1	8
1	914081	914103	segment21.1	7
1	914103	914104	segment21.1	6
1	914104	914154	segment21.1	7
1	914154	914176	segment21.1	6
1	914176	914177	segment21.1	5
1	914177	914189	segment21.1	4
1	914189	914191	segment21.1	3
1	914191	914227	segment21.1	2
1	914227	914246	segment21.1	3
1	914246	914270	segment21.1	4
1	914270	914310	segment21.1	3
1	914310	914387	segment21.1	4
1	914387	914408	segment21.1	5
1	914408	914456	segment21.1	4
1	920594	920597	segment22.1	64
1	920597	920599	segment22.1	63
1	920599	920602	segment22.1	62
1	920602	920604	segment22.1	63
1	920604	920612	segment22.1	62
1	920612	920617	segment22.1	63
1	920617	920620	segment22.1	62
1	920620	920621	segment22.1	64
1	920621	920626	segment22.1	65
1	920626	920629	segment22.1	66
1	920629	920630	segment22.1	65
1	920630	920636	segment22.1	64
1	920636	920637	segment22.1	65
1	920637	920644	segment22.1	64
1	920644	920647	segment22.1	63
1	920647	920654	segment22.1	64
1	920654	920656	segment22.1	63
1	920656	920657	segment22.1	62
1	920657	920685	segment22.1	60
1	920685	920687	segment22.1	61
1	920687	920688	segment22.1	62
1	920688	920697	segment22.1	61
1	920697	920707	segment22.1	64
1	920707	920712	segment22.1	61
1	920712	920716	segment22.1	59
1	920716	920721	segment22.1	60
1	920721	920722	segment22.1	61
1	920722	920725	segment22.1	60
1	920725	920726	segment22.1	59
1	920726	920731	segment22.1	60
1	920731	920732	segment22.1	61
1	920732	920746	segment22.1	62
1	920746	920748	segment22.1	61
1	920748	920754	segment22.1	63
1	920754	920755	segment22.1	64
1	920755	920757	segment22.1	65
1	920757	920759	segment22.1	64
1	920759	920760	segment22.1	61
1	920760	920762	segment22.1	63
1	920762	920763	segment22.1	59
1	920763	920769	segment22.1	61
1	920769	920771	segment22.1	59
1	920771	920772	segment22.1	58
1	920772	920777	segment22.1	57
1	920777	920778	segment22.1	56
1	920778	920783	segment22.1	57
1	920783	920788	segment22.1	56
1	920788	920789	segment22.1	57
1	920789	920796	segment22.1	58
1	920796	920797	segment22.1	59
1	920797	920803	segment22.1	57
1	920803	920804	segment22.1	56
1	920804	920805	segment22.1	58
1	920805	920806	segment22.1	57
1	920806	920811	segment22.1	56
1	920811	920813	segment22.1	55
1	920813	920820	segment22.1	54
1	920820	920824	segment22.1	57
1	920824	920825	segment22.1	56
1	920825	920828	segment22.1	58
1	920828	920829	segment22.1	59
1	920829	920831	segment22.1	58
1	920831	920832	segment22.1	57
1	920832	920839	segment22.1	58
1	920839	920841	segment22.1	57
1	920841	920846	segment22.1	58
1	920846	920848	segment22.1	59
1	920848	920850	segment22.1	62
1	920850	920852	segment22.1	59
1	920852	920853	segment22.1	58
1	920853	920857	segment22.1	60
1	920857	920858	segment22.1	52
1	920858	920860	segment22.1	53
1	920860	920862	segment22.1	54
1	920862	920865	segment22.1	53
1	920865	920867	segment22.1	54
1	920867	920868	segment22.1	55
1	920868	920871	segment22.1	54
1	920871	920872	segment22.1	53
1	920872	920874	segment22.1	55
1	920874	920876	segment22.1	56
1	920876	920881	segment22.1	55
1	920881	920882	segment22.1	53
1	920882	920887	segment22.1	55
1	920887	920889	segment22.1	56
1	920889	920891	segment22.1	57
1	920891	920895	segment22.1	56
1	920895	920896	segment22.1	57
1	920896	920900	segment22.1	56
1	920900	920904	segment22.1	57
1	920904	920906	segment22.1	56
1	920906	920908	segment22.1	55
1	920908	920914	segment22.1	56
1	920914	920917	segment22.1	58
1	920917	920924	segment22.1	57
1	920924	920925	segment22.1	58
1	920925	920935	segment22.1	59
1	920935	920940	segment22.1	61
1	920940	920947	segment22.1	62
1	920947	920955	segment22.1	63
1	920955	920962	segment22.1	66
1	920962	920963	segment22.1	67
1	920963	920964	segment22.1	66
1	920964	920966	segment22.1	64
1	920966	920969	segment22.1	63
1	920969	920971	segment22.1	62
1	920971	920972	segment22.1	64
1	920972	920980	segment22.1	65
1	920980	920981	segment22.1	64
1	920981	920982	segment22.1	67
1	920982	920983	segment22.1	68
1	920983	920985	segment22.1	69
1	920985	920987	segment22.1	68
1	920987	920989	segment22.1	71
1	920989	920995	segment22.1	72
1	920995	920996	segment22.1	71
1	920996	920997	segment22.1	70
1	920997	921025	segment22.1	72
1	921025	921038	segment22.1	71
1	921038	921056	segment22.1	70
1	921056	921062	segment22.1	71
1	921062	921094	segment22.1	70
1	921094	921099	segment22.1	71
1	921099	921103	segment22.1	72
1	921103	921125	segment22.1	71
1	921125	921131	segment22.1	72
1	921131	921132	segment22.1	73
1	921132	921133	segment22.1	72
1	921133	921142	segment22.1	73
1	921142	921144	segment22.1	72
1	921144	921146	segment22.1	71
1	921146	921150	segment22.1	72
1	921150	921156	segment22.1	73
1	921156	921157	segment22.1	72
1	921157	921160	segment22.1	71
1	921160	921161	segment22.1	72
1	921161	921164	segment22.1	73
1	921164	921165	segment22.1	72
1	921165	921170	segment22.1	71
1	921170	921171	segment22.1	64
1	921171	921172	segment22.1	65
1	921172	921176	segment22.1	67
1	921176	921177	segment22.1	66
1	921177	921180	segment22.1	68
1	921180	921181	segment22.1	66
1	921181	921182	segment22.1	63
1	921182	921183	segment22.1	64
1	921183	921186	segment22.1	65
1	921186	921187	segment22.1	64
1	921187	921190	segment22.1	63
1	921190	921191	segment22.1	64
1	921191	921192	segment22.1	63
1	921192	921199	segment22.1	62
1	921199	921201	segment22.1	60
1	921201	921202	segment22.1	58
1	921202	921211	segment22.1	56
1	921211	921215	segment22.1	54
1	921215	921216	segment22.1	53
1	921216	921217	segment22.1	54
1	921217	921218	segment22.1	57
1	921218	921220	segment22.1	59
1	921220	921221	segment22.1	58
1	921221	921222	segment22.1	57
1	921222	921223	segment22.1	63
1	921223	921224	segment22.1	64
1	921224	921226	segment22.1	66
1	921226	921227	segment22.1	62
1	921227	921229	segment22.1	59
1	921229	921231	segment22.1	60
1	921231	921232	segment22.1	58
1	921232	921233	segment22.1	55
1	921233	921234	segment22.1	53
1	921234	921238	segment22.1	54
1	921238	921240	segment22.1	53
1	921240	921243	segment22.1	54
1	921243	921244	segment22.1	53
1	921244	921249	segment22.1	55
1	921249	921253	segment22.1	56
1	921253	921254	segment22.1	54
1	921254	921255	segment22.1	55
1	921255	921256	segment22.1	54
1	921256	921261	segment22.1	55
1	921261	921263	segment22.1	54
1	921263	921264	segment22.1	53
1	921264	921268	segment22.1	54
1	921268	921273	segment22.1	52
1	921273	921274	segment22.1	53
1	921274	921279	segment22.1	51
1	921279	921288	segment22.1	50
1	921288	921289	segment22.1	49
1	921289	921291	segment22.1	48
1	921291	921294	segment22.1	49
1	921294	921295	segment22.1	50
1	921295	921299	segment22.1	49
1	921299	921300	segment22.1	50
1	921300	921303	segment22.1	49
1	921303	921308	segment22.1	48
1	921308	921309	segment22.1	47
1	921309	921313	segment22.1	48
1	921313	921320	segment22.1	46
1	921320	921323	segment22.1	48
1	921323	921330	segment22.1	47
1	921330	921331	segment22.1	48
1	921331	921334	segment22.1	47
1	921334	921339	segment22.1	46
1	921339	921346	segment22.1	45
1	921346	921352	segment22.1	44
1	921352	921353	segment22.1	43
1	921353	921355	segment22.1	40
1	921355	921359	segment22.1	42
1	921359	921364	segment22.1	40
1	921364	921369	segment22.1	38
1	921369	921382	segment22.1	37
1	921382	921396	segment22.1	38
1	921396	921401	segment22.1	37
1	921401	921414	segment22.1	36
1	921414	921429	segment22.1	34
1	921429	921440	segment22.1	33
1	921440	921454	segment22.1	34
1	921454	921455	segment22.1	33
1	921455	921460	segment22.1	32
1	921460	921466	segment22.1	31
1	921466	921476	segment22.1	29
1	921476	921479	segment22.1	28
1	921479	921481	segment22.1	27
1	921481	921485	segment22.1	28
1	921485	921490	segment22.1	27
1	921490	921491	segment22.1	26
1	921491	921494	segment22.1	24
1	921494	921501	segment22.1	23
1	921501	921504	segment22.1	22
1	921504	921509	segment22.1	20
1	921509	921510	segment22.1	18
1	921510	921519	segment22.1	17
1	921519	921527	segment22.1	16
1	921527	921529	segment22.1	15
1	921529	921553	segment22.1	14
1	921553	921554	segment22.1	13
1	921554	921592	segment22.1	12
1	921592	921594	segment22.1	11
1	921556	921592	segment23	12
1	921592	921609	segment23	11
1	921609	921638	segment23	10
1	921638	921653	segment23	8
1	921653	921663	segment23	7
1	921663	921686	segment23	5
1	921686	921687	segment23	6
1	921687	921695	segment23	7
1	921695	921713	segment23	6
1	921713	921728	segment23	5
1	921728	921755	segment23	4
1	921755	921757	segment23	3
1	921757	921811	segment23	2
1	921811	921846	segment23	3
1	921846	921849	segment23	4
1	921849	921855	segment23	5
1	921855	921880	segment23	4
1	921880	921887	segment23	3
1	921887	921910	segment23	4
1	921910	921921	segment23	5
1	921921	921932	segment23	6
1	921932	921999	segment23	7
1	921999	922053	segment23	6
1	922053	922170	segment23	7
1	922170	922222	segment23	6
1	922222	922231	segment23	5
1	922231	922263	segment23	4
1	922263	922277	segment23	3
1	922277	922388	segment23	2
1	922388	922417	segment23	3
1	922417	922426	segment23	5
1	922426	922483	segment23	3
1	922483	922520	segment23	4
1	922520	922556	segment23	5
1	922056	922170	segment24	7
1	922170	922222	segment24	6
1	922222	922231	segment24	5
1	922231	922263	segment24	4
1	922263	922277	segment24	3
1	922277	922388	segment24	2
1	922388	922417	segment24	3
1	922417	922426	segment24	5
1	922426	922483	segment24	3
1	922483	922520	segment24	4
1	922520	922662	segment24	5
1	922662	922692	segment24	6
1	922692	922702	segment24	4
1	922702	922724	segment24	3
1	922724	922744	segment24	2
1	922744	922760	segment24	1
1	922760	922860	segment24	2
1	922860	922865	segment24	3
1	922865	922888	segment24	4
1	922888	922898	segment24	5
1	922898	922903	segment24	4
1	922903	922962	segment24	5
1	922962	922972	segment24	6
1	922972	922980	segment24	8
1	922980	922981	segment24	10
1	922981	922990	segment24	9
1	922990	923014	segment24	11
1	923014	923056	segment24	12
1	924368	924377	segment25.1	28
1	924377	924378	segment25.1	29
1	924378	924387	segment25.1	30
1	924387	924396	segment25.1	29
1	924396	924405	segment25.1	30
1	924405	924416	segment25.1	29
1	924416	924419	segment25.1	28
1	924419	924426	segment25.1	29
1	924426	924442	segment25.1	30
1	924442	924462	segment25.1	31
1	924462	924473	segment25.1	32
1	924473	924474	segment25.1	33
1	924474	924481	segment25.1	34
1	924481	924487	segment25.1	33
1	924487	924489	segment25.1	32
1	924489	924495	segment25.1	34
1	924495	924498	segment25.1	36
1	924498	924500	segment25.1	35
1	924500	924504	segment25.1	36
1	924504	924510	segment25.1	35
1	924510	924513	segment25.1	36
1	924513	924518	segment25.1	35
1	924518	924519	segment25.1	34
1	924519	924526	segment25.1	33
1	924526	924527	segment25.1	34
1	924527	924533	segment25.1	35
1	924533	924535	segment25.1	36
1	924535	924537	segment25.1	37
1	924537	924538	segment25.1	38
1	924538	924541	segment25.1	39
1	924541	924544	segment25.1	38
1	924544	924546	segment25.1	39
1	924546	924555	segment25.1	38
1	924555	924564	segment25.1	39
1	924564	924568	segment25.1	42
1	924568	924577	segment25.1	45
1	924577	924578	segment25.1	44
1	924578	924579	segment25.1	43
1	924579	924581	segment25.1	44
1	924581	924586	segment25.1	46
1	924586	924590	segment25.1	47
1	924590	924595	segment25.1	48
1	924595	924596	segment25.1	49
1	924596	924603	segment25.1	51
1	924603	924604	segment25.1	52
1	924604	924605	segment25.1	51
1	924605	924609	segment25.1	50
1	924609	924611	segment25.1	51
1	924611	924614	segment25.1	52
1	924614	924618	segment25.1	55
1	924618	924620	segment25.1	54
1	924620	924621	segment25.1	53
1	924621	924623	segment25.1	54
1	924623	924624	segment25.1	53
1	924624	924628	segment25.1	52
1	924628	924631	segment25.1	51
1	924631	924633	segment25.1	52
1	924633	924634	segment25.1	54
1	924634	924637	segment25.1	55
1	924637	924638	segment25.1	56
1	924638	924645	segment25.1	57
1	924645	924648	segment25.1	58
1	924648	924654	segment25.1	61
1	924654	924656	segment25.1	62
1	924656	924657	segment25.1	63
1	924657	924663	segment25.1	61
1	924663	924665	segment25.1	63
1	924665	924668	segment25.1	61
1	924668	924676	segment25.1	63
1	924676	924677	segment25.1	65
1	924677	924680	segment25.1	64
1	924680	924687	segment25.1	65
1	924687	924690	segment25.1	66
1	924690	924695	segment25.1	68
1	924695	924699	segment25.1	67
1	924699	924704	segment25.1	66
1	924704	924709	segment25.1	65
1	924709	924710	segment25.1	66
1	924710	924712	segment25.1	65
1	924712	924715	segment25.1	66
1	924715	924723	segment25.1	67
1	924723	924732	segment25.1	68
1	924732	924740	segment25.1	69
1	924740	924752	segment25.1	70
1	924752	924761	segment25.1	72
1	924761	924762	segment25.1	69
1	924762	924771	segment25.1	71
1	924771	924772	segment25.1	70
1	924772	924774	segment25.1	71
1	924774	924779	segment25.1	72
1	924779	924781	segment25.1	73
1	924781	924782	segment25.1	72
1	924782	924784	segment25.1	73
1	924784	924786	segment25.1	72
1	924786	924800	segment25.1	71
1	924800	924803	segment25.1	69
1	924803	924806	segment25.1	71
1	924806	924807	segment25.1	74
1	924807	924808	segment25.1	73
1	924808	924811	segment25.1	74
1	924811	924816	segment25.1	75
1	924816	924817	segment25.1	73
1	924817	924826	segment25.1	72
1	924826	924831	segment25.1	73
1	924831	924832	segment25.1	71
1	924832	924833	segment25.1	75
1	924833	924836	segment25.1	76
1	924836	924837	segment25.1	75
1	924837	924841	segment25.1	76
1	924841	924842	segment25.1	77
1	924842	924846	segment25.1	76
1	924846	924847	segment25.1	74
1	924847	924848	segment25.1	75
1	924848	924850	segment25.1	74
1	924850	924851	segment25.1	73
1	924851	924856	segment25.1	75
1	924856	924858	segment25.1	76
1	924858	924860	segment25.1	77
1	924860	924861	segment25.1	76
1	924861	924868	segment25.1	77
1	924868	924871	segment25.1	76
1	924871	924874	segment25.1	77
1	924874	924875	segment25.1	76
1	924875	924876	segment25.1	75
1	924876	924878	segment25.1	76
1	924878	924880	segment25.1	77
1	924880	924885	segment25.1	75
1	924885	924886	segment25.1	73
1	924886	924900	segment25.1	74
1	924900	924903	segment25.1	75
1	924903	924905	segment25.1	76
1	924905	924912	segment25.1	75
1	924912	924914	segment25.1	73
1	924914	924919	segment25.1	76
1	924919	924920	segment25.1	77
1	924920	924921	segment25.1	78
1	924921	924923	segment25.1	77
1	924923	924927	segment25.1	74
1	924927	924928	segment25.1	73
1	924928	924929	segment25.1	72
1	924929	924937	segment25.1	71
1	924937	924938	segment25.1	69
1	924938	924942	segment25.1	67
1	924942	924947	segment25.1	66
1	924947	924948	segment25.1	64
1	924948	924949	segment25.1	65
1	924949	924956	segment25.1	64
1	924956	924965	segment25.1	63
1	924965	924970	segment25.1	61
1	924970	924971	segment25.1	60
1	924971	924973	segment25.1	61
1	924973	924980	segment25.1	60
1	924980	924986	segment25.1	59
1	924986	924990	segment25.1	60
1	924990	924991	segment25.1	61
1	924991	924993	segment25.1	62
1	924993	924995	segment25.1	60
1	924995	924997	segment25.1	59
1	924997	924998	segment25.1	60
1	924998	925000	segment25.1	59
1	925000	925001	segment25.1	57
1	925001	925006	segment25.1	59
1	925006	925015	segment25.1	56
1	925015	925017	segment25.1	57
1	925017	925023	segment25.1	59
1	925023	925026	segment25.1	58
1	925026	925030	segment25.1	51
1	925030	925033	segment25.1	50
1	925033	925035	segment25.1	49
1	925035	925038	segment25.1	50
1	925038	925040	segment25.1	49
1	925040	925044	segment25.1	48
1	925044	925045	segment25.1	47
1	925045	925049	segment25.1	46
1	925049	925053	segment25.1	45
1	925053	925054	segment25.1	46
1	925054	925057	segment25.1	47
1	925057	925063	segment25.1	46
1	925063	925064	segment25.1	43
1	925064	925075	segment25.1	44
1	925075	925078	segment25.1	46
1	925078	925082	segment25.1	45
1	925082	925084	segment25.1	43
1	925084	925087	segment25.1	39
1	925087	925092	segment25.1	40
1	925092	925102	segment25.1	41
1	925102	925106	segment25.1	42
1	925106	925111	segment25.1	41
1	925111	925121	segment25.1	40
1	925121	925128	segment25.1	41
1	925128	925138	segment25.1	42
1	925138	925143	segment25.1	41
1	925143	925146	segment25.1	42
1	925146	925148	segment25.1	43
1	925148	925151	segment25.1	42
1	925151	925152	segment25.1	43
1	925152	925161	segment25.1	44
1	925161	925163	segment25.1	43
1	925163	925167	segment25.1	42
1	925167	925171	segment25.1	41
1	925171	925176	segment25.1	42
1	925176	925179	segment25.1	41
1	925179	925181	segment25.1	40
1	925181	925184	segment25.1	41
1	925184	925190	segment25.1	40
1	925190	925193	segment25.1	39
1	925193	925198	segment25.1	41
1	925198	925201	segment25.1	40
1	925201	925203	segment25.1	41
1	925203	925212	segment25.1	42
1	925212	925217	segment25.1	41
1	925217	925228	segment25.1	38
1	925228	925235	segment25.1	37
1	925235	925237	segment25.1	36
1	925237	925238	segment25.1	37
1	925238	925244	segment25.1	39
1	925244	925249	segment25.1	36
1	925249	925259	segment25.1	35
1	925259	925261	segment25.1	36
1	925261	925278	segment25.1	37
1	925278	925280	segment25.1	38
1	925280	925285	segment25.1	37
1	925285	925287	segment25.1	38
1	925287	925290	segment25.1	37
1	925290	925295	segment25.1	38
1	925295	925299	segment25.1	40
1	925299	925304	segment25.1	41
1	925304	925306	segment25.1	39
1	925306	925309	segment25.1	38
1	925309	925316	segment25.1	37
1	925316	925319	segment25.1	38
1	925319	925321	segment25.1	37
1	925321	925325	segment25.1	38
1	925325	925334	segment25.1	37
1	925334	925337	segment25.1	38
1	925337	925341	segment25.1	39
1	925341	925349	segment25.1	40
1	925349	925351	segment25.1	41
1	925351	925354	segment25.1	40
1	925354	925356	segment25.1	41
1	925356	925363	segment25.1	42
1	925363	925368	segment25.1	41
1	926774	927056	segment26	0
1	927056	927061	segment26	1
1	927061	927127	segment26	2
1	927127	927146	segment26	3
1	927146	927222	segment26	4
1	927222	927266	segment26	3
1	927266	927268	segment26	4
1	927268	927274	segment26	3
1	927274	927300	segment26	4
1	927300	927348	segment26	3
1	927348	927371	segment26	4
1	927371	927421	segment26	3
1	927421	927422	segment26	2
1	927422	927688	segment26	1
1	927688	927702	segment26	2
1	927702	927769	segment26	3
1	927769	927774	segment26	4
